,City,Lat,Long
0,oxnard,34.31576680471427,-119.27765278490114
1,taolanaro,-60.99789874329789,59.56968374209225
2,atuona,-11.584561566063641,-124.39996801462942
3,jamestown,-45.915379020888075,-9.627466886927209
4,saleaula,1.4044066296121116,-171.5132985675989
5,sambava,-11.631745185134179,53.96274955501082
6,georgetown,-5.5770643615713595,-19.095106602415
7,santa cruz,9.089712157440488,-87.04464597629415
8,albany,-61.26220823955466,109.58407741902477
9,teya,61.33449024457266,90.72057444091251
10,barrow,82.19325396166019,-169.39442470511366
11,christchurch,-50.434157931148086,178.92948723278232
12,severnoye,57.43900602100172,78.26291108787103
13,mar del plata,-57.685475258174925,-33.06642863467286
14,rikitea,-68.96984054319029,-128.58683500912716
15,bluff,-71.43097521818623,156.77530130724386
16,saquena,-4.78924149059867,-73.55526759266976
17,fairbanks,73.6902868601691,-144.34887087679405
18,hilo,32.80250969837243,-143.56219735147894
19,ushuaia,-86.31648759145185,-48.1757973552416
20,tasiilaq,63.999604095459034,-40.38885118355972
21,vaini,-74.83199100223722,-169.3350949226233
22,mataura,-76.09972327579128,-151.56534046212028
23,yulara,-20.621576855058947,130.33368418412113
24,punta arenas,-59.1157410502781,-108.72843210144882
25,iqaluit,60.56915553767456,-75.07480032023234
26,nantucket,40.74078778853465,-68.21728352206061
27,takoradi,-1.4407439125804586,0.8421074545184126
28,sola,-10.80956679532278,172.21041726338757
29,srednekolymsk,68.98241011579913,153.67729918889648
30,tambul,14.74922887707747,33.46959087327622
31,bredasdorp,-75.02046271891307,16.822601334971296
32,illoqqortoormiut,85.03118646677075,-16.49662973174307
33,pokhara,31.750546845939454,85.96023448170894
34,chuy,-64.68397416356173,-24.801875350935433
35,west odessa,31.105452088877513,-102.71300749491452
36,busselton,-61.672600041060605,86.3116399348209
37,marv dasht,30.55830506017017,52.334875520861374
38,tsihombe,-36.00048691853542,42.010271844025795
39,rakaia,-43.96948704155311,171.9843961738531
40,shepsi,43.50740435077216,39.03242866254078
41,hay river,61.97311978841276,-117.55771566242912
42,port elizabeth,-58.81838809530822,29.416593587726
43,zhangye,41.48599926816857,101.09328502746894
44,labuhan,-12.744338494732602,100.94237078594199
45,fomboni,-12.939749862393498,42.936560470986166
46,seydi,39.52015041580799,61.528209934544634
47,castro,-45.50058261346807,-105.02577407163247
48,nouadhibou,20.988629988014097,-18.538409884793936
49,cherskiy,68.10828546132288,163.11793610931858
50,belushya guba,79.14074206889455,57.97178627377241
51,cape town,-46.818741547870566,-4.21138812350523
52,kamyshlov,57.03509233393427,62.77799373281502
53,sao joao da barra,-31.680601229283326,-25.268013299682906
54,bonfim,1.6322245779922042,-59.6377693479384
55,sorvag,62.46455326063321,-11.079800988435807
56,half moon bay,32.40381909625877,-133.19533354265982
57,tuktoyaktuk,83.37686715886534,-133.63674722907123
58,thinadhoo,0.8801831820732247,67.60140822383482
59,souillac,-44.10422993238148,68.90556008274686
60,salalah,11.717791338249157,58.05855298541354
61,gigmoto,15.80214446357978,127.6814914697639
62,kavaratti,12.790365447523698,69.40125495175764
63,saint george,30.538328840756606,-55.447965231278644
64,los alamos,36.66319796913169,-106.7718560228781
65,yellowknife,75.8703041901849,-109.55333407236633
66,nuevo laredo,27.772875930224515,-99.9247873864294
67,vilhena,-13.53675537227754,-60.335507512921595
68,san quintin,29.160258757919195,-116.23016290925578
69,pozo colorado,-23.99051628921781,-60.06884647927674
70,kerema,-9.138277373470089,145.12002674030367
71,cabedelo,-4.330179894718697,-28.307652174933082
72,isangel,-19.36239498821115,178.05053280967644
73,avera,-23.14885047548539,-151.44141602843848
74,gat,28.03383449166924,8.30560949575613
75,port alfred,-72.16702650571297,40.18768532492936
76,cabo san lucas,13.905892077146945,-113.18636648480576
77,puerto ayora,-8.838682715878335,-105.07941636501302
78,faanui,-12.441049277549126,-153.13741612845786
79,ribeira grande,37.298099120573696,-30.03437752126186
80,meyungs,11.522291034693609,133.37119350469482
81,tecoanapa,13.876579085250526,-99.13747863206261
82,upata,6.51872550461043,-62.2828140617444
83,khandyga,64.96327545931908,138.88110179509954
84,vaovai,-16.003085883352398,-171.55146867954198
85,dikson,77.8058415288773,87.64755841705079
86,sur,15.720076319232618,63.935273418862465
87,butaritari,19.497654277155164,158.21831346916485
88,fortuna,36.37536362205395,-133.18833815595244
89,hirara,19.447982244246063,129.26666355651065
90,fare,-10.904622433207024,-147.41847381536823
91,saldanha,-33.720463815740075,13.807181745959781
92,aripuana,-8.207424872563863,-61.548381531522665
93,vila velha,-28.601321396421255,-26.38241318840781
94,attawapiskat,54.59334649899128,-79.73149139503273
95,petropavlovsk-kamchatskiy,47.71281570614528,162.86581948461276
96,viedma,-44.21555506000475,-60.4506794134775
97,ancud,-41.77530400195632,-81.49431775029343
98,nyurba,61.92593445348325,119.2941082968585
99,lebu,-30.82459202717388,-92.91053207237093
100,hamilton,32.89714065219894,-68.00066200949925
101,barentsburg,82.7519259351447,-3.992037374215897
102,mahebourg,-35.707609096078045,70.79375395002293
103,dingle,51.35798775352728,-19.937531643149725
104,riyadh,21.961607420722387,47.59607072522175
105,kati,12.761262621140645,-8.065282085414026
106,gazojak,41.988453198069664,62.91808418063323
107,constitucion,20.390572637808603,-115.52704209892883
108,east london,-50.40017912040118,40.646915752499524
109,baruun-urt,48.065336519206625,114.39607614573407
110,boden,65.74722691496962,21.898988509337073
111,kieta,-0.7049800190012689,160.51192942609225
112,torbay,39.38497112176816,-47.756582802529095
113,padang,-4.0515242532236755,94.84757200024109
114,barkly west,-28.201857418119282,24.216291849202975
115,avarua,-22.179960145512226,-162.31335477345309
116,kapaa,13.314402893843493,-172.92217022783893
117,new norfolk,-71.75050333060224,132.73844232370305
118,cortland,42.57602891867103,-75.97523285014297
119,sibolga,1.6698394192314652,97.74611380804595
120,hermanus,-81.20462674174114,6.550555329519625
121,cocorit,27.965576813015886,-109.55226081824212
122,nemuro,40.64468999747061,147.88113411968823
123,tommot,58.36289948094796,128.3535706677131
124,ponta do sol,21.224121582621407,-30.116074380212837
125,iskateley,68.24816827100051,54.146946323281895
126,pangnirtung,66.9119213317301,-67.81115034989585
127,kununurra,-18.4907868460715,131.06340749941683
128,marsa matruh,29.778437413593664,28.015366660256717
129,norman wells,69.4479967176128,-124.59015634642554
130,nongpoh,25.993585491503907,91.89312529469953
131,klaksvik,63.70156817301847,-6.656298703601124
132,ostrovnoy,83.92223612762791,41.24889618043241
133,ribas do rio pardo,-20.710934930753126,-53.88205720139834
134,correntina,-13.702257078215595,-44.95462280983074
135,hithadhoo,-13.897356095069966,80.40899829545384
136,yarovoye,52.67240576624749,78.38628008203995
137,nanortalik,53.87332915315878,-45.989333634535996
138,mocuba,-17.255249319866863,38.570043801524974
139,turan,53.24918893711853,94.29479346414996
140,sindand,33.647553171382,62.81591029616004
141,thompson,64.22093257817448,-94.42476296352972
142,barguzin,53.01314322026346,110.49285746231294
143,alotau,-8.492881084114643,152.15051453193644
144,tual,-7.152688824077529,132.3303057306028
145,chicama,-12.385470883774317,-86.2006982225023
146,esperance,-36.46059700694793,127.32381876973722
147,samusu,-12.80456382247742,-169.07622132642504
148,hovd,44.89696974765505,99.62555943880017
149,qaanaaq,78.10785863000723,-72.99510450396231
150,tidore,0.4667461465070346,128.72237760184623
151,saint-philippe,-71.52405876748279,74.04204980471252
152,nome,61.88527310571064,-165.05409308439687
153,longyearbyen,82.63630716522067,25.97577969763691
154,tyrma,49.985970458113115,131.5211623004472
155,mys shmidta,83.80219412038593,-171.2706185521312
156,tumannyy,76.50967756556878,39.00795773287257
157,sakaiminato,36.96544214907364,132.6684138014524
158,maningrida,-11.815906020384404,134.47881069974295
159,hailun,47.49387078477781,127.19688004208257
160,cayenne,14.432422753141111,-45.753407882809825
161,skibbereen,48.198609251225605,-9.641815935736616
162,arraial do cabo,-41.546161488788094,-25.396299058203027
163,bathsheba,21.020170259892538,-44.13875364160978
164,placido de castro,-10.259436456822812,-67.26778869107156
165,bonoua,4.135014418316771,-3.4217359056804924
166,waipawa,-48.66967838677651,179.44331768957625
167,ust-koksa,50.30317386454115,85.34296847591662
168,muzaffarpur,26.028823211096338,85.35044540112176
169,taoudenni,23.030348103122662,-7.7917839924375585
170,geraldton,51.73534105468568,-89.22451682217284
171,rocha,-35.9585456862246,-53.15219588443948
172,slavjanovo,43.459600649221244,24.782820541002906
173,saint-pierre,41.34895372315464,-56.939367316093225
174,moyo,3.691979211256225,31.5549260125851
175,asheboro,35.50045650545481,-79.88387183074506
176,ati,15.267653269203436,18.711889811442887
177,chik,55.23239145084196,81.74724057956661
178,jiddah,22.588716737481562,37.98084489498868
179,astorga,42.729804288097284,-5.919523532741579
180,sentyabrskiy,45.18762274601522,153.8878731493303
181,paamiut,58.88428215111182,-53.57049082450794
182,keflavik,62.607951740389666,-24.516234993635976
183,alta floresta,-9.65513395565111,-54.271938974496294
184,vaitupu,-5.619502021580871,-175.04090895759344
185,marapanim,0.31070490886692426,-47.74382550350387
186,inyonga,-7.243505430214029,32.32107549742318
187,bilma,20.533440081178526,13.948866017191534
188,cidreira,-34.665481420649684,-44.76414240012028
189,rognan,67.02330985435415,15.56569561676352
190,jizan,16.210957801300438,41.81922378812277
191,kaitangata,-61.61883162184738,176.38590508160348
192,pevek,81.1272036986118,167.82063015619838
193,mandalgovi,44.45891663320225,107.96750831204452
194,san patricio,-2.5916772386358957,-115.67243692190674
195,belmonte,-16.42986666214952,-32.38402126773167
196,victoria,0.36717365321935347,54.436581748692674
197,mount isa,-19.863129748249932,141.76238058646038
198,puerto padre,21.695156276129836,-76.34039199530837
199,orel-izumrud,42.38844033273472,39.30469882742787
200,bere,9.25826911601483,16.075754644226265
201,santa cruz de tenerife,29.84210775607842,-15.218504674602315
202,chapais,53.96112353541855,-74.22241268111675
203,poduri,46.39861646007648,26.549262577034654
204,kodiak,40.93232572600127,-155.0931321079997
205,blagoveshchensk,49.94695816524754,127.71021335699027
206,najran,17.334657727156667,45.25673866304405
207,sorong,0.8077467474702473,130.51153199482292
208,makakilo city,7.84455655804895,-163.78660462296972
209,san rafael,-36.26491887982875,-67.55176622480718
210,brazzaville,-3.802636973099254,16.05871135259818
211,eqbaliyeh,34.70066180523216,51.54615533380101
212,bentiu,9.075832329616688,29.7797904391702
213,champerico,7.2148856594291715,-96.2336913068605
214,muzhi,65.6584023804376,64.3540675914694
215,filingue,15.12823536459426,2.9212257895963774
216,nizhneyansk,79.67218281271809,132.89502657022535
217,nuuk,64.46323579616407,-51.7275896692351
218,kruisfontein,-36.452542272001736,25.308784132718728
219,lompoc,33.47669712836107,-121.14937708420032
220,pisco,-23.34264533358197,-94.92104299258864
221,kaili,26.39396258969282,107.8119093224505
222,loreto,26.665915173749113,-111.36074846242064
223,touros,-0.9303334925639604,-24.949567642023965
224,port hedland,-17.29787691065036,117.39338147149897
225,hambantota,-4.248729260732674,85.53134884491561
226,bethel,55.74870131267136,-159.27894715292348
227,cartagena,10.410848095800262,-75.99385271513435
228,kutum,15.487332593403579,24.285130710324182
229,koufovounon,41.31155088777891,26.547801085050025
230,diffa,14.116165942458068,12.918587085752392
231,igrim,63.93317421926332,64.54583939389443
232,kirkuk,35.49661006881861,43.86406463885419
233,college,67.72474025706458,-149.97121315440154
234,airai,19.77489390430587,141.95704035620508
235,abu kamal,33.91510729216462,39.86087765586299
236,roald,71.51389073507119,0.9821498056104758
237,policoro,40.07065288527187,16.69235223326345
238,jadu,30.981335977328598,11.781406869357767
239,katsuura,21.806535315307954,149.6628029449655
240,severo-kurilsk,28.839256844760143,167.97480236869217
241,bjornevatn,69.56232288380005,30.033257055992237
242,ponta delgada,32.44876064262539,-27.02237114967221
243,kavieng,0.34663032261177307,150.45658634416213
244,mount gambier,-49.737735461953136,130.68577372026004
245,coffs harbour,-30.249042593572675,153.8957061761776
246,bulgan,48.61638127206723,103.40424533727565
247,dzhusaly,48.28767484026611,64.3772753442228
248,the valley,23.30297087606378,-62.24541886287453
249,amderma,69.59338382805112,60.958736495293806
250,beringovskiy,59.845618534751395,177.01641652542708
251,emba,47.714286050739986,59.08904477028614
252,kohat,33.504657008364646,71.43136910704064
253,marcona,-20.89053911596696,-82.2024758579936
254,carnarvon,-25.010788443936377,110.77627519150553
255,galle,4.976178284061234,78.87672180724826
256,wanning,16.992036609271764,111.8679599348888
257,koumac,-23.620535341613177,161.3157822299359
258,el alto,-3.717766881134409,-82.35226589922402
259,cruzilia,-21.87492253758944,-44.682319285541126
260,urdzhar,46.51162666649162,82.35268122700239
261,vardo,71.22112906340499,31.365794655518556
262,hobart,-73.78940346838036,145.70143718418848
263,bambous virieux,-31.949568028289818,84.13742425392547
264,codrington,24.28663102245652,-58.443536052366355
265,flinders,-32.52850705375701,133.00896556843895
266,bengkulu,-7.39253931881089,101.64514986787088
267,kasama,-10.020336896414818,31.040247888263536
268,muli,2.955585626950267,73.31381295626875
269,hervey bay,-22.93090738358775,158.2099571920716
270,pryluky,50.5758545902292,32.24309337297123
271,nalut,30.64559981215956,8.904074190436972
272,punta de bombon,-18.510004606405303,-72.80692650192981
273,acarau,3.1792979691855834,-40.498281628308206
274,lumby,49.82060451488681,-118.52808000311057
275,moron,47.08291495195883,99.45198048694402
276,ilulissat,76.43098993796866,-47.914322092617454
277,santa fe,19.822984884965948,-84.09759688698597
278,walvis bay,-25.732635256708406,7.491923421479839
279,kapuskasing,48.98369106674468,-82.52106135935112
280,luderitz,-27.467013418763784,13.683236183765018
281,cam ranh,10.644573693102785,111.638459474309
282,westport,-38.8822817337976,166.2064850374485
283,cervo,46.38365334389522,-6.924487340959985
284,vilyuysk,65.11077480459232,120.65654084332215
285,tupanatinga,-8.733271031186106,-37.35337410951459
286,taseyevo,57.3805893023534,95.33578322986057
287,ibra,20.0592184776622,57.81305333067536
288,tiksi,86.87879095187685,129.800396281958
289,severomuysk,55.75601317922488,113.07013656376785
290,adrar,26.51533177729175,3.6277014049941556
291,athens,35.56591905940107,-84.92259317914476
292,bagdarin,54.29398039120176,112.00289042769441
293,los llanos de aridane,25.15264065231193,-22.765965123725437
294,novonukutskiy,53.959622462556894,102.72758752847784
295,pahrump,35.2213191263902,-116.07663828151892
296,pacific grove,31.02049430722424,-129.09435188483204
297,horni benesov,50.01262940763405,17.64068738959685
298,ewa beach,11.172366840247435,-161.77728355179278
299,port blair,8.932812478412885,88.41949081794627
300,nikolskoye,31.451453942102617,176.08672181635905
301,barra do bugres,-15.340286301259056,-57.51022414972397
302,marrakesh,31.48852594350386,-8.64536497953361
303,taylor,30.59536938153647,-97.35611885896746
304,kenai,63.81746074786528,-153.83870685192971
305,novopokrovka,52.152374711659604,41.05428726418202
306,moussoro,15.974106681095506,16.811017529348646
307,culaman,5.657155412602421,125.9411526084562
308,altagracia de orituco,10.184209176299177,-65.87246693374053
309,high level,58.41504927520751,-117.05005484630553
310,araouane,18.875156471218332,-1.8049023676556715
311,mizdah,31.162496668261227,13.29196793093854
312,benjamin constant,-4.350378397459792,-70.06438352382071
313,vao,-28.68703493013539,166.52913602591025
314,kousseri,13.138856073778442,14.063752766185985
315,tessalit,21.647735120042228,0.8927535129412831
316,yumen,41.48977303437266,96.96861497797579
317,muisne,0.5696472229406595,-81.41090847318108
318,eisenberg,50.99321708694998,11.95082918423526
319,hofn,58.741185885496066,-14.2113741199056
320,porbandar,18.95645917387283,66.7228396537416
321,basti,26.58924551203789,82.84321587995089
322,saskylakh,71.67877627831524,116.3035279835766
323,cururupu,2.4502237264402567,-42.7106799970901
324,karabulak,44.7274954448653,78.55508799148396
325,mehamn,73.64544917516068,28.140712942806374
326,khormuj,27.49473626730726,51.66010999322938
327,cusco,-13.91991585097864,-72.01771899380898
328,namibe,-12.511228793352657,4.668309883819404
329,kiama,-35.52324171603503,153.67332696889633
330,warqla,29.58719633352264,2.8850547439428453
331,bougouni,10.828096022487259,-7.95280664287651
332,tuatapere,-52.058461637144845,162.89689532100806
333,rawson,-50.98024151904621,-55.9098499222559
334,filadelfia,-23.249851713107034,-60.23187336314891
335,roseburg,43.007492443145935,-123.4734713194813
336,menongue,-15.662405012758057,16.836032524137806
337,purranque,-41.11952301446633,-73.88870545013567
338,haines junction,59.16743267022818,-138.098445840217
339,monteagudo,-19.932197266008757,-64.70421368707466
340,ossora,58.53768312286354,163.88572195615285
341,blackwater,-22.849007381772225,149.45787811233595
342,uspenka,57.30575146869623,69.3911421719018
343,oktyabrskiy,57.00777919317838,99.12691465993805
344,north bend,43.04726877476318,-134.10029018435847
345,aykhal,67.62555111909262,109.36681375782035
346,port hardy,51.962501981426755,-128.28109004154612
347,reconquista,-29.52822976761555,-60.34559371344362
348,tecolutla,20.85129504563379,-96.93422821375391
349,margate,-38.01416705788814,40.424099552427066
350,falealupo,-13.417881705926973,-173.20141221854306
351,chokurdakh,79.90713893980958,143.4481556950389
352,rorvik,67.6141106564128,9.274091252367981
353,carquefou,47.64798391401399,-1.3921122893291624
354,bilibino,65.40111032616065,164.9692066141572
355,praya,-14.056801525522957,115.60817922947041
356,cameron park,38.472884623487516,-120.86030615640468
357,maniitsoq,64.6028589770851,-54.709350796430954
358,sitka,43.05922738996364,-141.942982223675
359,utiroa,-3.4176336492763966,170.14265306557468
360,hailey,43.69631141376382,-114.36566260662704
361,nago,28.617185969195802,127.23566113943383
362,lamar,37.49245503793493,-102.31106270683672
363,te anau,-40.16051109385049,162.0507782432424
364,gangotri,32.94761436780102,80.62730419146868
365,sao jose da coroa grande,-13.412597675604843,-24.87270249451734
366,stavern,58.43920607609601,10.442937442532667
367,lorengau,13.279975185398314,148.9799984652637
368,narsaq,78.18100220998821,-68.44539226614776
369,megion,59.262881877104775,75.70502657974649
370,port macquarie,-34.94459401074768,159.57780125252822
371,nguru,13.21226510686202,10.604440252121435
372,novyy urgal,50.96434341258092,132.22403672774067
373,bandarbeyla,5.3412090034333914,60.35282595083194
374,kargasok,58.65194290500497,80.73972342608181
375,grand gaube,-15.223610343189662,64.98593995513303
376,changji,44.98012480327952,87.90040885684738
377,dolzhanskaya,46.37657610765342,37.403870213021435
378,waingapu,-11.090885444876747,119.09790967643164
379,sao filipe,11.604773885905445,-24.315775425217936
380,belaya gora,67.88119538975147,145.80345492751428
381,port-gentil,-0.7705825924544882,7.7392004734115005
382,bolungarvik,67.77405254667372,-27.382122959391324
383,khatanga,80.08408230316749,104.19000906052878
384,velizh,55.480874643480746,31.381876412978926
385,saint-leu,-23.22937420086707,53.322013005382445
386,sai buri,8.529062116813776,102.8383776382525
387,provideniya,47.58282912733711,-178.94684295152527
388,sumbawa,-6.464377006093798,117.58378217978452
389,liverpool,40.84299176053551,-63.112678170668175
390,hokitika,-42.342416497088074,169.06615471143255
391,eureka,41.021348042695024,-126.64106321309504
392,lerik,38.62812883829102,48.397598913215575
393,redmond,43.82549612287798,-120.57370323020976
394,alice springs,-24.753285732138878,136.3297059437495
395,ruatoria,-33.98896946045124,179.33742353074172
396,aklavik,71.62214263708452,-140.87799093417158
397,rio grande,-42.04872057897377,-40.58354690581754
398,grindavik,54.817104001942795,-25.051550434418857
399,port lincoln,-34.11884073737747,135.9737990485866
400,changping,41.82939304033462,116.64490049859808
401,mayo,62.41169155395309,-134.96437913236701
402,milingimbi,-13.14458324291408,134.5105635277235
403,umzimvubu,-53.44082837722563,47.279232436063666
404,timmins,48.14985072954076,-80.96131940614802
405,san cristobal,-3.86034186022394,-88.20146167967926
406,honningsvag,78.21439599172237,26.605412614681057
407,pogranichnyy,44.711811410421234,131.32807898034002
408,santiago del estero,-29.432717014395443,-63.87971708352306
409,tongliao,44.430440136452376,120.31284263287472
410,vicosa,-20.67491229260439,-43.14905839179417
411,tautira,-15.101686178450151,-145.16960426243045
412,aginskoye,54.39545397318716,95.07216798280717
413,nova russas,-4.67422833236121,-40.72030053686697
414,louga,15.391250858678674,-16.155711666697727
415,bobcaygeon,45.317541618978,-78.12953639315319
416,necochea,-46.41995710174634,-54.41321586367961
417,laurel,32.027550314084465,-89.41970533869568
418,havoysund,76.04335136425493,24.618072168914523
419,finschhafen,-6.484232916857451,148.0357254589199
420,coquimbo,-27.232768890540264,-82.12110292810486
421,gizo,-6.521390393243564,157.7017631641998
422,biltine,16.019928498447996,20.5226292209031
423,bud,67.58026000409117,5.7047102184145615
424,tsiroanomandidy,-18.37031544357866,45.87179415889642
425,lata,-10.425205946778007,168.43623416119152
426,talnakh,75.96459182869194,90.42454579412396
427,ozgon,40.40933506012561,74.47691308343084
428,havelock,32.10402296026933,-71.7671207453628
429,iringa,-7.915512260038668,35.10188900662126
430,vostok,48.79164077291813,149.9619520229803
431,kaplice,48.679333423431416,14.477360432689892
432,ixtapa,3.787499153472126,-109.20693849003133
433,kikwit,-4.642193059172669,19.137631631952814
434,eregli,42.34106022578527,31.153885619843862
435,chikoy,50.414537586035436,106.87171766593593
436,fairlie,-44.26361037725387,170.32452437174874
437,tecpan,14.364638586375548,-102.33500878279037
438,tres arroyos,-38.19099701219957,-59.89962077585892
439,dubovskoye,47.21919390132311,42.6993596062222
440,huesca,41.84202382528969,-0.3052163456724486
441,callaguip,18.32253156900063,119.68018134951114
442,turukhansk,63.03965562626806,89.59816611656174
443,miri,6.916697214712215,111.89117246632969
444,anahuac,29.22836249740091,-106.67356690988396
445,bull savanna,15.769969911598508,-78.74802960970815
446,george,-34.4889361319702,21.636802767609993
447,nyzhnya duvanka,49.67887647815985,38.05657587573788
448,abha,19.60504304439371,41.59970236291076
449,homer,60.050039153831136,-154.45034767753583
450,senno,54.25785673588919,29.701507257002703
451,qaqortoq,62.18895818814835,-44.723314868983266
452,maceio,-13.688034648931009,-30.447993961685256
453,rio gallegos,-50.73368191145407,-67.39079731757029
454,gumushane,40.55660650087921,39.83964252719764
455,maiduguri,12.182538861792395,12.657605675110602
456,bustamante,26.7492042494909,-100.79836671368797
457,lakes entrance,-38.3527027540293,149.04452497817715
458,moyale,3.0281971457132926,39.83117946042779
459,phalombe,-16.238043416255294,36.607170133718796
460,naze,27.346686870151885,130.31307498896365
461,setermoen,69.00568294211178,18.155709038831162
462,abonnema,2.145256005076206,5.52936202827874
463,tromso,69.83841584849552,19.18520359415635
464,puerto del rosario,28.26702976387955,-14.602894370696987
465,shubarkuduk,48.97820188986532,54.85756845772315
466,tabiauea,-0.017541408568490624,168.95096874110465
467,areia branca,-4.421073887361956,-36.91510994631608
468,vrutky,49.14956014706311,18.864387049260642
469,hasaki,25.13510165566572,154.48691003885637
470,saint-augustin,51.67098087150666,-60.80056045799344
471,havre-saint-pierre,49.81656235719649,-64.26007849847923
472,hoeselt,50.856200288482086,5.496295181276452
473,palm beach,26.730626661810902,-79.68989479723315
474,marawi,19.10029431997424,27.407577616670835
475,sumbe,-11.186920507534595,12.861198873021578
476,oktyabrskoye,61.614047387302406,66.70072780481317
477,ippy,6.902805968465373,20.816082927321247
478,aguimes,24.935016466094538,-13.941425619548852
479,ituni,3.3906683299985474,-57.14810696355718
480,langsa,5.36022551748205,98.31613766951853
481,laguna,-35.85083258629056,-37.39715720967715
482,saint anthony,52.74909468190626,-57.04555394086995
483,nishihara,23.400916706339444,130.23550592784733
484,nancha,47.55091766796335,129.3476638048308
485,port augusta,-30.803577107633657,139.16358202094403
486,shenjiamen,28.408859892077032,124.18800257356037
487,lavrentiya,74.26886845937918,-170.96074979358482
488,knysna,-37.734704087251046,22.61797906782334
489,olafsvik,64.20580124045807,-29.703745314877693
490,dumas,36.36261251547009,-102.93785678077546
491,goias,-15.748278996325993,-50.22199413344225
492,abalak,15.62982945759282,7.102032448586385
493,chingirlau,50.45000877840707,53.933249246123836
494,itoman,22.664702862573293,129.34262311440955
495,karaul,74.36684847312065,85.28657888275768
496,ambo,-10.138740963572985,-75.76638074156452
497,amantea,38.948095447391324,16.270234814254508
498,banos,-1.2399723532938083,-78.18275541378104
499,kandava,57.25055711209578,22.930307499589162
500,trelew,-42.94530417353191,-66.73457725986233
501,mecca,21.835844516793756,39.971113674395696
502,harper,0.517640222752064,-7.873509770204151
503,pascagoula,28.913011085223886,-88.507036435624
504,dunedin,-54.12235296185637,175.30851224881934
505,barra do garcas,-15.75760120257749,-52.35054163277067
506,denpasar,-9.72309412555174,115.13558632521483
507,rabo de peixe,45.304608793588784,-21.84624871886612
508,elko,41.195152116229195,-115.46168898711285
509,ladario,-19.656621079667573,-57.40261772449898
510,talcahuano,-33.8958802758006,-78.28048466003375
511,mahajanga,-16.55331197514792,44.866111811151626
512,roebourne,-23.778398216029345,118.29898695897418
513,manado,3.2584607063432713,124.42077007706303
514,dekar,-21.1666665213684,22.424346222680867
515,chenghai,23.206845644797,117.64702612785317
516,road town,17.337290949074955,-64.7055646093617
517,kalaleh,37.29701038552008,55.958045281829186
518,luba,1.9027681106572913,7.853107332355222
519,kangaatsiaq,69.22685650369021,-55.94000161938823
520,loiza,21.77544879905605,-65.46878152007358
521,kemijarvi,66.98469221169691,27.308968961435085
522,baherden,39.903949274217524,57.446854929501484
523,asau,-11.635333606600952,176.42556560827148
524,buchanan,4.326839735826397,-9.858079101610343
525,floro,61.28262266312262,4.26775709750811
526,wanaka,-43.165627012618955,168.55829493835682
527,palmer,59.140287003903325,-143.65872498237917
528,lida,53.58735749038391,24.959035535727878
529,tiruchchendur,8.253583970567007,78.90358734020884
530,grand river south east,-27.61096994509021,82.61428984005988
531,ulaangom,48.29083085023606,92.95059965587723
532,marystown,47.22236992838069,-54.65276184299097
533,qasigiannguit,67.7530407526107,-45.796333086318185
534,gusoeni,44.72263502338407,24.153688526266308
535,lolua,-6.059129237073364,174.71271829224804
536,heishan,41.53600535428987,122.108356612487
537,boguchany,59.098802208577865,97.49729270064859
538,ambovombe,-34.1291332426721,47.76023584218882
539,gao,16.33546351630777,0.8498074491450325
540,yining,43.82338397209875,81.08428278887908
541,gadung,6.841272748072257,124.09938147088121
542,tinskoy,56.77240364861419,96.88875846329614
543,tura,65.16505542792672,103.28756050226713
544,batticaloa,10.036650855509606,86.2020773430545
545,upernavik,80.81559959401011,-59.49451104113979
546,hihifo,-15.080480642793276,-174.56410917731398
547,neiafu,-17.26691318145508,-175.29131664992616
548,richards bay,-35.46191747167387,40.258961536367906
549,crotone,38.67754542897114,17.61270276181773
550,gulu,2.868322091906606,32.59871774765443
551,jujuy,-23.687561893999884,-65.40937946740351
552,aksay,50.701178886263534,52.873203223462866
553,kalmunai,7.98663206707694,87.6556456117545
554,auki,-7.408120116235949,163.15685757057219
555,maturin,9.448237937756502,-62.87540982317739
556,hudson bay,52.72541084595184,-101.80251131980687
557,guerrero negro,16.838004199466397,-127.18284754973058
558,guanica,16.95108268857085,-66.79842828150481
559,sinnamary,11.07351879390616,-49.11127386069623
560,laramie,41.83765861064785,-106.07079951589421
561,sorland,72.48965673846931,10.086674919845507
562,arman,58.424397915809095,149.64735970156823
563,kaeo,-25.515678490142534,178.04604379224025
564,tombouctou,17.59643588474934,-1.654816700326478
565,chardara,41.60283546667455,66.99536758666275
566,mullaitivu,10.248773804394489,82.22335334535745
567,nouakchott,18.77577482066826,-18.199556859111112
568,la ronge,63.06628634214928,-104.99423588769365
569,oistins,10.862879534088535,-55.496832747691386
570,soyo,-7.715298722720121,10.00400759814238
571,ekhabi,53.36371666261013,145.7433083081674
572,poum,-22.849331074581215,160.0358076335218
573,santa luzia,-7.3329082595487165,-47.10366496876833
574,lampa,-15.279214624977527,-70.24983108809889
575,kaoma,-14.350331403006479,25.522262662419394
576,san ramon,-13.727725525598103,-63.896339430469055
577,tiznit,26.62229921246265,-7.217865899164082
578,halifax,38.49949879795912,-60.478159867650874
579,gornyye klyuchi,45.383068382665044,133.8430763714092
580,korla,41.20099318743701,86.11823714301255
581,banjar,-15.947468941542809,105.25177848768215
582,naifaru,5.286488781663877,74.5154826793457
583,liberal,37.12366814191178,-100.27368375965828
584,khani,58.14762815888889,119.65805122693308
585,amta,22.46171311169202,87.90355392471673
586,zhigansk,67.20221022066363,122.53431429049431
587,bouar,6.314148105779353,15.7967644048463
588,daru,-10.962100421246134,142.78859279576363
589,sobolevo,55.91390135283555,155.2227178851178
590,linkou,45.26020743838362,130.39681568692993
591,merauke,-6.961558788866299,139.02597195739634
592,divinopolis,-20.04958198227422,-45.00999123517795
593,nacunday,-26.06021474257806,-54.45818805070343
594,aizkraukle,56.40109123654642,25.299109889735746
595,zelenoborskiy,66.87766485100016,32.685441279446366
596,noyabrsk,63.01244907937465,75.18404733866288
597,nandigama,16.58650528946329,80.31282111233634
598,conselheiro pena,-19.480973572517584,-41.57721017411308
599,songadh,21.133678855146357,73.5195135626251
600,ternate,2.5243964371965575,130.0679829784844
601,meulaboh,0.7405633088811072,92.00945412737326
602,ukholovo,53.51831274424646,40.58607112269391
603,obo,4.381086296727133,26.999285211032856
604,tekeli,44.04259492380808,79.06057822538907
605,vestmannaeyjar,58.01877885870286,-21.24393534013339
606,atambua,-6.809841653828556,126.02204895614096
607,coihaique,-46.15053786185827,-75.43992284041785
608,flin flon,56.80871262144808,-102.3383573712319
609,pachino,35.297343556926265,17.747212604440335
610,novyy urengoy,65.96330381602937,77.46194343637751
611,itarema,6.484249597833028,-36.684525186110704
612,krasnyy mayak,55.997780463207675,41.35698099567085
613,karamea,-40.006909981257344,171.13248905514672
614,tilichiki,59.21640540460885,167.28246341180534
615,portland,-42.78271474514976,141.46375790667497
616,la huacana,18.818350370837663,-101.91949635693858
617,leh,33.18773929143326,77.79396572007659
618,katastarion,37.74148569334929,20.563479618897247
619,arkhangelsk,66.27526337701994,40.84300957463623
620,kadyy,57.69827630349357,43.39108593451235
621,bolshaya dzhalga,46.028368897699295,42.70476233955384
622,sedam,17.36133997100761,77.12179963097503
623,bandiagara,14.344100323817614,-3.562060809478794
624,ganta,7.302492201136488,-8.62814417706636
625,boa vista,1.5058488861397876,-60.60848345346963
626,mamallapuram,11.841425772344095,81.28570042466811
627,gewane,10.288947734812083,41.01548725052399
628,umaria,23.471657246994482,80.8038599940071
629,svetlaya,47.64209045013877,137.58986218549506
630,buala,-1.1194882754743531,163.195787594683
631,noshiro,40.77179263302929,138.54059564340423
632,uyar,55.888332132674975,94.16006943231935
633,komatipoort,-24.878726173825257,31.79604481559602
634,valparaiso,-31.95129369095826,-72.81156373461602
635,loandjili,-4.358680524745182,11.200592091362438
636,mende,44.951097721466084,3.2701713832147448
637,quchan,36.64625419785486,58.563176479040635
638,komsomolskiy,79.50599010168429,173.94818278639156
639,dodoma,-5.857835695337116,35.63548977020778
640,risor,58.48822024048113,9.190011597780682
641,luwuk,-1.6555622421327456,122.40275860963754
